17 3.128368 0
45 1.462255 0
48 0.677855 0
5 4.489471 0
48 3.461641 0
12 2.011721 0
3 4.559282 0
42 3.391186 0
36 0.826309 0
17 2.006624 0
26 3.928903 0
22 4.976313 0
32 3.955088 0
1 3.119378 0
45 3.056723 0
18 3.524245 0
31 3.999121 0
11 3.252409 0
15 3.803878 0
43 3.388916 0
21 2.683636 0
5 0.551064 0
3 1.170216 0
9 4.122426 0
30 1.589829 0
30 0.318926 0
17 4.867707 0
23 3.817050 0
28 1.398941 0
9 2.580485 0
76 9.107044 1
51 8.384157 1
54 7.366587 1
76 9.876877 1
68 5.609120 1
62 9.847754 1
95 9.683099 1
86 9.039727 1
96 9.591832 1
81 9.278873 1